-20.46 1.3
-23.02 1.3
-25.7 1.42
-28.82 1.86
-31.66 2.86
-32.94 4.02
-33.38 6.02
-32.54 8.62
-30.66 11.06
-28.26 13.22
-24.54 13.7
-22.06 14.42
-20.14 16.66
-18.78 19.86
-14.98 22.5
-11.14 21.78
-7.26 20.58
-2.54 20.06
-0.74 19.66
2.46 18.98
4.98 18.66
6.66 17.98
8.46 16.98
9.26 15.66
10.18 13.9
10.78 11.98
9.82 10.3
8.1 9.66
5.98 9.58
4.14 10.22
3.58 11.74
2.46 12.98
1.1 14.3
-0.42 14.82
-1.9 14.78
-3.66 14.1
-5.94 13.78
-8.14 13.62
-10.38 13.46
-12.34 13.26
-14.54 13.14
-17.46 12.54
-19.9 11.42
-21.74 10.5
-22.98 9.38
-23.54 7.66
-22.9 6.58
-21.5 5.98
-19.46 6.18
-18.34 6.86
-16.46 7.82
-15.22 8.06
-12.66 7.58
-11.42 5.94
-10.9 3.62
-11.42 1.74
-13.54 1.22
-15.1 1.22
-17.58 1.22
