-9.39 9.93
-10.07 8.33
-11.03 7.21
-12.27 6.85
-14.13 6.61
-15.33 5.53
-16.27 4.31
-16.69 3.01
-16.47 2.01
-15.83 1.43
-14.41 0.93
-12.85 0.71
-11.51 0.65
-10.23 0.65
-8.79 0.61
-7.55 0.61
-6.77 0.61
-5.71 0.87
-5.45 1.81
-5.71 2.97
-6.33 3.79
-7.61 4.03
-8.23 3.91
-9.17 3.43
-9.73 3.09
-10.75 2.99
-11.45 3.29
-11.77 3.83
-11.49 4.69
-10.87 5.25
-9.95 5.71
-8.73 6.27
-7.27 6.57
-6.17 6.63
-5.19 6.73
-4.07 6.81
-2.97 6.89
-1.83 7.05
-0.95 7.39
-0.21 7.41
0.55 7.15
1.23 6.49
1.79 5.87
2.07 5.11
2.99 4.79
4.05 4.83
4.91 5.15
5.39 5.99
5.09 6.95
4.63 7.83
4.23 8.49
3.33 8.99
2.49 9.33
1.23 9.49
-0.37 9.83
-1.27 10.03
-3.63 10.29
-5.57 10.89
-7.49 11.25
