-18.78 19.86
-20.14 16.66
-22.06 14.42
-24.54 13.7
-28.26 13.22
-30.66 11.06
-32.54 8.62
-33.38 6.02
-32.94 4.02
-31.66 2.86
-28.82 1.86
-25.7 1.42
-23.02 1.3
-20.46 1.3
-17.58 1.22
-15.1 1.22
-13.54 1.22
-11.42 1.74
-10.9 3.62
-11.42 5.94
-12.66 7.58
-15.22 8.06
-16.46 7.82
-18.34 6.86
-19.46 6.18
-21.5 5.98
-22.9 6.58
-23.54 7.66
-22.98 9.38
-21.74 10.5
-19.9 11.42
-17.46 12.54
-14.54 13.14
-12.34 13.26
-10.38 13.46
-8.14 13.62
-5.94 13.78
-3.66 14.1
-1.9 14.78
-0.42 14.82
1.1 14.3
2.46 12.98
3.58 11.74
4.14 10.22
5.98 9.58
8.1 9.66
9.82 10.3
10.78 11.98
10.18 13.9
9.26 15.66
8.46 16.98
6.66 17.98
4.98 18.66
2.46 18.98
-0.74 19.66
-2.54 20.06
-7.26 20.58
-11.14 21.78
-14.98 22.5
