-9.56 9.5
-9.39 9.93
-10.24 7.9
-10.07 8.33
-11.2 6.78
-11.03 7.21
-12.44 6.42
-12.27 6.85
-14.3 6.18
-14.13 6.61
-15.5 5.1
-15.33 5.53
-16.44 3.88
-16.27 4.31
-16.86 2.58
-16.69 3.01
-16.64 1.58
-16.47 2.01
-16 1
-15.83 1.43
-14.58 0.5
-14.41 0.93
-13.02 0.28
-12.85 0.71
-11.68 0.22
-11.51 0.65
-10.4 0.22
-10.23 0.65
-8.96 0.18
-8.79 0.61
-7.72 0.18
-7.55 0.61
-6.94 0.18
-6.77 0.61
-5.88 0.44
-5.71 0.87
-5.62 1.38
-5.45 1.81
-5.88 2.54
-5.71 2.97
-6.5 3.36
-6.33 3.79
-7.78 3.6
-7.61 4.03
-8.4 3.48
-8.23 3.91
-9.34 3
-9.17 3.43
-9.96 2.6
-9.73 3.09
-10.98 2.5
-10.75 2.99
-11.68 2.8
-11.45 3.29
-12 3.34
-11.77 3.83
-11.72 4.2
-11.49 4.69
-11.1 4.76
-10.87 5.25
-10.18 5.22
-9.95 5.71
-8.96 5.78
-8.73 6.27
-7.5 6.08
-7.27 6.57
-6.4 6.14
-6.17 6.63
-5.42 6.24
-5.19 6.73
-4.3 6.32
-4.07 6.81
-3.2 6.4
-2.97 6.89
-2.06 6.56
-1.83 7.05
-1.18 6.9
-0.95 7.39
-0.44 6.92
-0.21 7.41
0.32 6.66
0.55 7.15
1 6
1.23 6.49
1.56 5.38
1.79 5.87
1.84 4.62
2.07 5.11
2.76 4.3
2.99 4.79
3.82 4.34
4.05 4.83
4.68 4.66
4.91 5.15
5.16 5.5
5.39 5.99
4.86 6.46
5.09 6.95
4.4 7.34
4.63 7.83
4 8
4.23 8.49
3.1 8.5
3.33 8.99
2.26 8.84
2.49 9.33
1 9
1.23 9.49
-0.6 9.34
-0.37 9.83
-1.5 9.54
-1.27 10.03
-3.86 9.8
-3.63 10.29
-5.8 10.4
-5.57 10.89
-7.72 10.76
-7.49 11.25
-8.84 10.64